00001a0000000000

0000000000000000

00000b0000000000

0000000000000000

0000040000000000

0000000000000000

0000170000000000

0000000000000000

00002c0000000000

0000000000000000

0000070000000000

0000000000000000

0000120000000000

0000122c00000000

0000002c00000000

0000000000000000

00001c0000000000

0000000000000000

0000120000000000

0000121800000000

0000001800000000

00002c1800000000

00002c0000000000

0000000000000000

0000170000000000

0000000000000000

00000b0000000000

00000b0c00000000

0000000c00000000

0000110c00000000

0000110000000000

0000000000000000

00000a0000000000

0000000000000000

00002c0000000000

0000000000000000

00001c0000000000

00001c1200000000

0000001200000000

0000181200000000

0000180000000000

0000000000000000

00002c0000000000

0000000000000000

00001a0000000000

0000000000000000

00000c0000000000

0000000000000000

00000f0000000000

0000000000000000

00000f0000000000

0000000000000000

00002c0000000000

0000000000000000

0000090000000000

0000090c00000000

0000000c00000000

0000110c00000000

0000110000000000

0000110700000000

0000000700000000

0000000000000000

00002c0000000000

0000000000000000

00000b0000000000

0000000000000000

0000080000000000

0000000000000000

0000150000000000

0000150800000000

0000000800000000

0000000000000000

2000000000000000

2000380000000000

2000000000000000

0000000000000000

00002c0000000000

0000000000000000

0000170000000000

0000000000000000

00000b0000000000

00000b0c00000000

0000000c00000000

0000160c00000000

0000160000000000

0000000000000000

2000000000000000

2000380000000000

2000000000000000

0000000000000000

00002c0000000000

0000000000000000

0000060000000000

0000000400000000

0000160400000000

0000160000000000

0000000000000000

0000170000000000

0000000000000000

0000120000000000

0000001500000000

0000161500000000

0000160000000000

0000000000000000

0000390000000000



0000000000000000

0000060000000000

0000000000000000

0000170000000000

0000000000000000

0000090000000000

0000000000000000

0000390000000000

0000000000000000



2000000000000000

20002f0000000000

0000000000000000

00001e0000000000

0000000000000000

0000160000000000

0000000000000000

0000170000000000

0000000000000000

00000c0000000000

0000000000000000

0000160000000000

0000000000000000

00001a0000000000

0000000000000000

00000b0000000000

0000000000000000

0000040000000000

0000000000000000

0000170000000000

0000000000000000

00001c0000000000

0000000000000000

0000120000000000

0000121800000000

0000001800000000

0000000000000000

00001a0000000000

0000000000000000

0000040000000000

0000000000000000

0000110000000000

0000000000000000

0000170000000000

0000000000000000

2000000000000000

2000300000000000

2000000000000000

0000000000000000

